Multiple size <= 100
TEST 1 ARG:42 49 87 29 67 61 85 73 38 99 53 65 55 64 63 54 35 6 26 30 20 77 50 72 9 23 14 98 32 68 36 27 80 89 41 21 7 0 5 44 47 78 92 46 22 34 15 81 1 74 39 4 94 70 37 69 88 10 13 28 76 93 3 96 56 83 91 58 62 52 18 82 66 43 31 45 19 86 2 24 16 84 17 48 59 40 60 25 75 97 95 12 57 79 71 11 51 33 90 8
TEST 2 ARG:58 40 46 20 28 23 12 97 75 68 82 67 9 29 25 17 8 21 27 80 41 10 15 62 85 71 77 26 56 73 50 3 81 90 6 57 0 1 72 30 61 94 60 24 16 99 38 37 98 31 34 52 70 48 7 53 59 96 33 32 2 79 45 69 35 22 91 43 64 44 47 42 13 49 89 84 18 11 86 54 78 65 14 4 76 93 55 39 51 92 63 19 95 74 36 83 88 87 66 5
TEST 3 ARG:87 75 36 95 50 67 5 33 53 28 34 66 47 13 48 42 15 27 99 96 68 45 78 65 98 69 12 54 8 3 10 22 64 4 63 59 62 38 44 25 55 7 58 30 31 17 43 85 74 91 97 71 77 39 6 40 32 57 19 11 29 81 90 52 82 16 41 37 83 73 21 80 72 88 76 35 84 23 94 18 56 92 2 14 89 49 46 20 79 86 9 70 24 93 51 60 1 26 61 0
TEST 4 ARG:58 36 0 96 16 88 23 26 24 51 12 21 19 8 47 75 65 33 57 67 54 53 18 80 44 38 35 69 5 20 87 83 7 4 85 37 32 17 76 28 22 46 78 60 64 79 56 77 27 30 55 68 13 6 42 91 71 48 39 66 84 90 49 74 52 97 89 45 63 62 59 43 72 15 10 14 98 93 2 61 29 92 50 95 3 34 25 41 70 99 11 86 73 82 9 94 1 40 81 31
TEST 5 ARG:62 6 59 34 72 41 94 74 33 20 87 82 79 28 37 5 56 99 90 60 68 93 35 98 54 46 47 73 29 38 92 81 91 88 25 70 89 58 85 95 75 67 9 77 7 97 8 2 61 13 51 48 71 96 31 18 24 84 15 80 1 16 42 32 22 57 17 65 76 4 44 43 30 39 66 52 27 50 69 63 14 45 36 23 40 55 86 78 83 10 11 12 49 0 53 21 64 3 19 26
TEST 6 ARG:79 74 47 34 11 46 39 65 98 73 31 35 61 27 26 21 17 2 51 16 42 37 70 89 9 12 10 32 3 78 96 19 75 86 8 5 90 59 66 45 7 24 48 68 99 88 43 64 63 20 38 95 54 85 77 13 56 55 69 87 81 57 71 58 82 0 52 92 83 6 84 4 53 93 28 67 41 33 60 97 80 94 30 1 76 18 50 44 14 62 22 25 72 49 91 40 36 15 29 23
TEST 7 ARG:4 93 49 57 7 50 18 28 95 11 37 3 53 22 91 32 92 61 41 20 46 56 85 38 33 97 14 89 68 82 75 65 74 9 26 96 27 39 73 94 90 64 16 63 34 15 2 0 76 36 86 31 8 59 10 19 70 77 21 54 24 42 98 13 5 1 58 81 66 87 44 88 55 80 48 71 99 67 78 69 47 23 60 29 62 6 43 45 35 25 51 17 40 30 79 84 12 83 72 52
TEST 8 ARG:37 28 1 22 8 44 15 95 42 17 74 91 89 40 12 86 71 27 11 61 55 2 60 32 31 10 92 24 69 90 36 6 39 84 73 29 93 82 43 34 18 47 72 81 19 57 50 79 13 67 97 5 46 16 88 99 53 23 54 48 75 87 49 62 30 83 20 51 63 21 96 38 35 64 41 76 26 33 78 94 0 85 58 7 45 25 77 52 65 59 3 98 80 70 66 56 4 9 68 14
TEST 9 ARG:96 1 77 89 65 94 63 67 44 27 23 87 80 82 59 91 76 15 28 24 29 11 78 10 5 62 48 83 25 32 39 19 95 40 58 34 0 56 14 3 16 26 61 47 90 31 60 53 86 71 57 4 73 50 66 12 33 85 9 70 79 20 36 17 93 54 18 46 49 64 38 41 42 6 99 97 84 51 30 43 52 74 7 21 92 68 81 72 13 22 45 55 2 88 98 69 37 35 75 8
TEST 10 ARG:34 23 99 98 70 9 53 15 12 14 65 64 94 52 44 36 28 31 32 80 30 35 18 92 87 27 41 3 90 58 37 6 74 5 25 1 13 0 91 39 48 47 46 17 63 86 67 38 75 8 51 82 55 79 72 62 24 49 93 50 59 76 22 45 7 21 66 2 84 29 73 54 78 96 85 19 10 56 4 60 20 81 69 77 42 68 83 89 40 33 16 95 11 97 43 88 26 61 71 57
TEST 11 ARG:41 37 0 36 96 63 19 75 98 10 76 30 23 97 27 9 55 40 86 47 58 7 21 99 54 90 33 44 13 1 66 93 11 28 61 20 65 43 56 4 71 69 84 8 80 31 16 42 73 5 38 64 32 79 29 39 45 92 17 85 48 70 53 81 59 72 25 77 95 15 67 3 91 68 89 94 82 50 35 18 34 83 24 57 51 14 60 87 46 26 2 6 78 88 12 74 22 52 62 49
TEST 12 ARG:47 57 14 82 31 22 79 62 9 24 60 21 53 54 69 13 39 90 89 46 97 20 49 26 12 74 80 28 51 44 66 81 73 48 64 11 59 36 0 71 40 93 7 85 45 37 18 27 42 63 52 95 10 83 70 34 55 67 35 1 86 3 25 58 6 17 96 19 61 16 99 38 75 68 88 43 4 98 87 78 8 72 5 65 30 2 33 15 50 77 91 32 76 92 94 23 56 29 84 41
TEST 13 ARG:20 38 95 6 46 54 3 28 23 97 91 81 7 15 48 4 53 96 89 51 61 93 99 71 9 19 35 79 24 52 39 18 69 47 26 41 86 80 31 88 14 45 82 84 16 50 37 27 67 65 36 63 10 0 75 98 66 43 56 57 68 85 73 21 94 58 13 70 34 64 12 33 11 92 60 83 5 72 87 76 30 59 74 29 62 8 32 40 22 49 44 42 2 25 17 1 90 55 78 77
TEST 14 ARG:6 73 28 19 44 77 96 16 8 25 64 20 57 12 46 79 47 95 10 36 54 87 58 72 59 66 5 32 33 68 7 43 14 0 1 4 71 23 52 51 82 37 56 41 30 13 29 61 35 75 49 11 93 48 99 22 91 24 42 39 26 83 15 2 69 34 18 88 50 70 84 74 27 80 9 81 67 78 89 40 17 98 92 90 86 62 60 3 55 45 97 76 85 63 21 65 31 38 94 53
TEST 15 ARG:31 65 83 48 76 23 62 66 93 17 9 8 51 36 0 1 47 37 92 25 59 86 39 82 18 89 5 21 91 85 27 19 63 84 57 24 56 44 29 74 42 60 70 35 77 58 32 90 54 99 12 97 80 49 98 78 79 30 55 20 14 40 38 28 68 46 3 43 71 6 95 88 15 81 33 53 87 22 45 69 64 11 67 73 26 13 34 2 10 96 16 61 75 52 4 50 41 72 7 94
TEST 16 ARG:9 77 12 19 64 73 70 66 51 44 17 46 86 23 74 98 99 83 39 13 82 40 76 2 0 65 30 7 37 95 94 20 49 72 36 11 25 60 3 4 27 91 55 81 87 50 22 62 68 90 33 38 89 53 78 26 84 59 21 32 5 15 69 97 88 14 75 45 41 54 1 71 48 29 8 93 57 18 92 96 24 63 80 34 56 16 79 28 61 67 43 35 6 58 31 85 10 47 42 52
TEST 17 ARG:15 43 96 61 65 4 13 71 39 19 37 27 57 44 54 88 46 40 66 34 91 5 11 30 18 94 2 95 72 90 83 35 84 26 23 80 16 92 29 97 52 49 76 24 73 25 77 53 99 42 33 6 81 32 38 82 59 78 56 36 98 10 50 31 62 48 74 28 21 85 69 47 41 17 14 12 86 45 7 8 22 70 63 67 89 55 58 9 68 20 60 93 3 51 87 64 0 79 75 1
TEST 18 ARG:36 90 88 7 2 80 93 22 44 98 29 23 27 91 30 14 65 55 0 84 61 20 15 71 16 12 74 72 10 79 94 62 40 39 9 8 28 58 31 35 47 69 3 48 21 59 82 24 81 52 54 18 64 51 75 56 38 32 19 60 49 95 1 26 70 41 63 78 89 42 57 37 83 99 53 13 46 96 66 73 34 92 33 77 97 76 86 87 6 25 50 11 67 68 45 17 4 5 43 85
TEST 19 ARG:67 15 59 97 66 41 39 23 36 88 93 21 62 61 7 48 94 68 1 78 0 75 71 63 5 91 51 42 24 74 8 50 32 76 19 55 57 69 16 30 90 10 35 52 12 26 70 95 96 83 20 99 46 58 18 85 53 47 13 9 84 34 60 73 38 44 64 14 82 80 98 56 45 92 65 49 3 6 89 2 72 43 79 28 27 81 31 33 77 25 29 17 11 40 86 37 22 87 54 4
TEST 20 ARG:91 86 49 88 1 42 80 94 34 78 87 15 79 31 14 21 17 55 65 36 70 82 68 43 52 46 85 8 57 66 77 56 93 30 67 4 97 92 40 3 99 54 44 72 38 16 41 63 45 96 18 0 5 24 20 76 95 61 69 83 37 23 26 12 7 71 19 29 13 74 73 64 33 53 39 22 84 48 35 9 6 2 90 60 27 59 58 10 28 47 98 11 89 75 81 62 32 50 51 25
TEST 21 ARG:93 55 10 69 32 0 27 13 24 89 84 25 48 44 70 77 28 52 99 98 91 30 61 35 34 60 81 37 29 15 9 63 71 19 78 4 53 11 64 80 67 72 26 57 50 83 82 5 42 45 21 79 38 62 86 90 39 2 43 46 92 18 17 31 49 51 95 85 22 40 87 58 16 20 36 68 8 96 14 73 59 75 47 7 97 1 65 56 12 33 3 54 66 6 94 41 23 88 76 74
TEST 22 ARG:64 98 1 72 25 86 97 85 16 58 55 57 29 70 89 62 30 59 90 13 69 44 37 94 82 5 28 7 10 67 76 19 49 74 15 66 42 34 75 18 88 79 63 48 50 6 73 20 54 8 35 93 14 21 4 52 27 2 87 56 11 71 45 40 31 24 17 46 12 96 91 61 92 43 83 53 68 41 84 3 65 77 80 38 0 32 22 95 9 23 60 33 81 36 39 26 51 47 99 78
TEST 23 ARG:0 18 69 89 95 48 9 40 6 65 86 63 4 31 72 84 7 60 78 91 2 81 42 41 1 80 88 83 26 94 76 8 70 32 93 15 97 99 68 90 44 29 11 17 43 75 13 20 46 39 23 37 35 47 36 79 62 73 57 74 66 67 27 38 16 24 14 10 87 58 52 3 71 12 45 49 64 5 85 22 98 21 82 61 54 33 96 56 28 53 51 50 30 55 59 25 77 34 19 92
TEST 24 ARG:37 12 16 84 46 8 76 85 91 3 22 94 2 10 6 9 70 67 47 32 98 81 45 62 44 23 52 39 38 59 55 96 80 77 99 51 75 54 72 78 49 63 53 64 7 1 29 0 88 26 92 50 93 25 15 20 87 61 14 11 95 17 31 58 69 36 28 30 5 42 89 60 79 21 34 40 35 19 41 83 68 86 73 18 24 65 43 97 4 71 27 82 48 13 90 74 56 57 33 66
TEST 25 ARG:0 4 94 46 44 20 45 74 6 1 59 65 15 91 97 37 75 73 12 8 93 83 3 63 23 17 71 57 82 55 66 39 34 67 99 70 30 13 14 49 16 52 64 48 29 54 2 72 87 42 32 60 62 7 27 33 18 38 85 86 26 47 56 76 68 31 53 88 98 95 22 77 84 58 80 41 81 92 89 43 79 5 21 25 35 40 90 69 78 11 19 36 96 51 24 61 9 50 10 28
TEST 26 ARG:70 93 46 0 11 59 3 13 74 60 51 35 16 71 47 29 89 78 33 69 37 8 43 23 9 42 90 5 34 25 52 50 95 31 28 79 65 66 99 44 19 96 24 97 21 98 68 26 82 32 22 6 81 73 86 14 27 30 64 17 12 61 18 77 41 1 39 72 58 57 63 38 48 88 56 94 83 45 87 53 92 7 40 36 84 80 75 85 4 76 20 55 62 54 2 15 49 10 91 67
TEST 27 ARG:42 40 73 11 74 56 15 25 54 30 49 77 18 13 80 45 8 52 92 99 51 86 64 84 47 55 57 32 97 88 9 28 23 24 27 6 43 1 10 20 70 65 36 4 83 53 46 44 85 67 68 62 2 63 31 5 33 39 29 34 98 96 90 21 87 91 19 95 81 0 50 78 26 59 22 48 35 37 82 79 76 75 94 3 14 89 41 69 16 17 72 60 12 66 7 71 61 38 58 93
TEST 28 ARG:76 56 42 87 6 44 78 7 36 94 2 19 81 96 98 53 45 48 88 73 63 31 71 4 41 0 61 1 79 30 13 86 15 83 75 92 39 62 25 91 59 9 84 23 90 70 54 50 66 95 38 58 29 43 3 46 22 93 99 82 68 85 27 18 49 11 33 34 77 26 5 12 16 20 40 14 64 35 74 72 24 47 52 97 21 37 51 60 10 89 8 67 55 57 32 65 28 80 69 17
TEST 29 ARG:14 1 39 6 69 64 28 43 55 56 89 37 26 3 46 17 85 49 75 73 86 2 97 10 11 92 12 16 35 88 45 52 36 9 66 98 91 38 79 54 51 57 5 76 33 48 72 83 50 34 65 61 8 63 41 4 40 18 13 32 0 30 59 23 82 47 44 90 84 80 31 15 21 68 27 74 93 78 19 77 60 67 62 87 25 95 81 7 70 58 94 53 29 71 24 42 22 99 20 96
TEST 30 ARG:58 97 15 69 49 19 55 44 50 3 18 8 7 89 59 40 47 64 76 25 35 29 91 34 60 61 96 1 24 51 95 11 41 63 0 5 53 21 32 94 88 13 67 98 81 14 86 45 10 70 77 17 38 30 56 43 36 79 23 22 31 39 6 20 52 71 42 16 87 33 12 9 80 66 4 46 93 57 99 37 26 2 75 62 73 54 74 90 65 92 82 28 72 78 27 68 84 48 83 85
TEST 31 ARG:57 96 67 73 25 63 39 94 28 83 37 84 0 33 32 72 44 85 97 52 61 35 58 95 31 21 14 79 17 9 51 24 93 15 60 70 49 77 26 75 65 12 64 71 82 34 23 7 56 11 55 91 99 89 43 6 1 8 66 54 2 98 78 74 19 40 38 10 47 69 45 86 18 48 41 13 76 87 90 53 4 68 46 50 42 88 30 20 59 27 29 36 80 92 16 5 3 81 22 62
TEST 32 ARG:33 3 17 42 50 6 89 69 46 16 26 75 1 25 93 78 82 23 34 58 91 52 15 20 13 24 60 74 83 97 27 64 66 2 62 11 86 31 18 70 92 28 95 88 47 38 53 10 19 48 39 41 63 67 36 21 72 12 96 0 99 84 9 61 80 14 43 4 59 30 57 65 29 56 37 32 68 77 45 85 76 44 51 87 79 98 5 73 54 7 35 94 71 55 8 90 40 22 81 49
TEST 33 ARG:80 87 60 8 44 45 96 69 21 24 63 17 64 33 25 26 76 2 27 13 88 43 84 56 10 6 53 73 86 22 68 35 98 1 82 94 48 47 14 42 18 71 50 85 67 89 79 75 36 40 12 83 72 91 55 19 61 95 51 7 16 23 38 0 46 49 74 15 57 30 58 5 20 92 4 29 93 9 62 65 81 99 52 28 3 32 34 59 70 97 77 66 37 41 31 90 78 39 54 11
